%YAML:1.0
---
width: 1200
height: 900
K: !!opencv-matrix
   rows: 3
   cols: 3
   dt: d
   data: [ 9.0788295634750057e+02, 0., 6.0839308338791136e+02, 0.,
       9.0806247765854823e+02, 4.4261394333555637e+02, 0., 0., 1. ]
D: !!opencv-matrix
   rows: 8
   cols: 1
   dt: d
   data: [ 1.6704025326607938e-01, -7.8380711133637326e-01,
       3.1413035048903117e-05, 1.0488521317679321e-03,
       1.2736192798615151e+00, 0., 0., 0. ]
