%YAML:1.0
---
width: 1200
height: 900
K: !!opencv-matrix
   rows: 3
   cols: 3
   dt: d
   data: [ 1.7972947587624642e+03, 0., 6.3129209909772032e+02, 0.,
       1.7945827039327719e+03, 4.4407940203229828e+02, 0., 0., 1. ]
D: !!opencv-matrix
   rows: 8
   cols: 1
   dt: d
   data: [ -1.5664586204163780e-01, 4.6518060985865013e+00,
       -6.7496527646706802e-04, 4.5158639691708184e-03,
       -3.1782345619159500e+01, 0., 0., 0. ]
